496
776
39
253
664
261
749
716
911
991
685
253
10
552
64
287
92
46
362
248
678
597
513
579
930
29
11
196
810
468
256
42
730
915
851
947
682
41
517
584
694
284
286
904
446
799
955
510
508
959
457
468
212
790
712
158
185
856
433
467
53
916
280
55
337
466
474
881
424
229
879
205
858
660
119
588
35
100
808
359
837
908
497
688
170
384
331
165
120
459
279
566
78
394
828
544
551
515
100
499
938
898
435
460
955
673
413
458
573
979
845
0
990
253
631
156
174
590
884
619
745
929
52
378
740
649
67
946
973
738
304
128
506
982
833
750
78
422
820
573
884
334
530
942
791
702
749
889
332
459
992
213
50
57
360
283
424
141
109
753
667
486
834
956
581
330
274
974
972
755
541
49
820
64
119
73
934
111
329
906
993
841
509
788
700
422
631
179
637
763
518
190
659
20
795
518
351
701
723
367
542
24
236
140
751
75
337
181
761
368
531
452
314
142
747
235
909
841
75
79
956
71
13
907
722
848
627
624
625
441
455
433
317
306
652
99
217
933
364
456
899
371
74
883
165
706
278
460
576
741
313
582
939
397
542
487
943
222
699
507
655
941
174
472
614
480
365
369
579
460
972
588
847
992
927
171
999
5
502
402
345
292
702
574
410
300
588
858
929
970
166
730
909
508
587
472
309
406
355
449
94
583
794
638
574
277
193
629
76
978
671
585
62
608
179
262
111
778
718
413
260
408
273
841
487
994
712
869
86
63
744
974
864
568
103
728
686
106
388
938
201
894
604
226
361
19
810
345
320
139
193
750
196
733
388
817
497
877
541
690
102
220
332
546
299
267
460
253
400
105
755
988
472
690
596
541
191
185
557
146
81
45
289
410
116
538
367
843
87
568
395
54
322
221
83
400
615
621
144
136
286
921
978
69
751
977
217
820
685
418
169
9
941
264
840
142
881
111
99
243
595
906
661
537
715
779
201
910
776
695
981
203
30
918
129
7
902
946
903
362
644
676
317
851
827
272
694
765
109
798
213
162
400
125
719
896
32
851
479
474
732
142
211
539
693
122
35
295
201
297
930
388
54
863
982
771
778
187
339
392
519
646
296
832
735
143
741
502
676
626
581
857
776
302
282
869
936
104
357
24
104
638
966
16
579
462
859
450
157
113
607
341
802
734
297
897
628
839
261
236
14
319
524
924
512
485
589
173
812
592
524
435
89
767
358
527
199
614
343
208
730
764
531
234
345
516
874
391
241
517
680
623
463
247
203
456
386
182
499
714
383
859
636
867
213
342
493
563
452
355
779
742
524
916
58
96
60
804
282
616
868
801
69
413
993
116
192
970
923
12
832
962
712
602
750
475
299
688
412
568
98
743
49
499
57
423
745
13
210
200
150
388
534
430
392
673
153
965
860
430
732
96
849
715
489
791
539
677
933
430
567
648
805
883
174
866
785
443
392
277
288
571
929
781
924
639
165
830
344
541
738
191
496
625
872
181
670
69
388
864
70
354
385
715
315
645
17
624
844
712
535
782
645
957
562
112
366
588
924
614
68
467
562
144
89
149
252
2
700
304
776
660
938
275
161
876
658
939
608
593
559
2
756
90
997
267
684
152
565
125
455
943
781
300
60
13
703
104
579
749
790
662
44
419
607
958
89
95
686
57
825
808
768
499
46
17
457
709
9
681
68
889
953
82
649
247
553
94
432
68
939
256
984
360
48
861
131
613
392
25
626
638
283
833
355
23
929
384
130
871
712
436
113
20
176
680
349
345
687
55
204
464
141
72
721
442
374
898
747
223
641
265
975
606
981
415
184
828
201
39
200
45
411
11
916
640
870
945
319
162
201
58
160
154
203
210
19
19
460
468
250
928
562
982
828
858
29
882
858
381
571
800
957
600
72
348
983
989
146
274
421
105
328
323
937
316
323
298
618
881
127
126
177
499
593
92
841
116
989
860
743
280
244
360
172
953
348
425
551
845
890
199
636
315
931
957
795
177
218
770
934
368
574
214
300
870
769
970
700
493
421
496
692
310
118
78
320
235
699
72
313
788
93
746
292
734
820
793
516
399
16
337
390
827
628
535
549
81
116
700
787
31
694
308
388
201
705
632
385
986
118
469
525
621
777
571
912
76
938
483
230
387
290
873
883
843
292
494
127
811
639
741
104
22
622
591
157
803
979
164
558
801
289
700
900
115
377
215
498
220
183
195
681
512
167
749
721
426
490
308
202
493
147
483
981
581
123
456
621
424
572
188
190
488
542
81
587
958
788
397
